00100000000000100010000000000000
00100000000000110000000000010000
00000000000000110010000000100000
00000000000001000010000001000010
00011000100000000000000000011101
00000000100000000010100000100000
00000000101000110000100000101010
00000000000000000000000000000000
00000000000000000000000000000000
00000000000000000000000000000000
00010000001000001111111111111000
00000000000001010011000010000000
00000000110000100011000000100000
10001100110001110000000000000000
00000000101000000100000000100000
00000001000001000100100000100010
00000101001000000000000000001110
00000000000010010101000010000000
00000000010010100101000000100000
10001101010010110000000000000000
00000000000000000000000000000000
00000000000000000000000000000000
00000000111010110000100000101010
00000000000000000000000000000000
00000000000000000000000000000000
00000000000000000000000000000000
00010000001000000000000000000100
10101100110010110000000000000000
00000001010000000011000000100000
00000001001000000100000000100000
00001000000000000000000000001111
10101100110001110000000000000000
00100000101001010000000000000001
00001000000000000000000000000110
00000000000000000000000000000000
00000000000000000000000000000000
00000000000000000000000000000000
00000000000000000000000000000000
00000000000000000000000000001101
